47.66128091559661
63.39686152164431
74.41900901947565
91.65895668956104
27.718825828321446
28.726713097903158
31.466390538504065
79.98057008808219
5.863203048366161
87.27389116858183
8.695487484445364
2.0766394380810738
52.447290941180704
44.89311251202322
48.436451356263234
0.015551633119148534
80.28181912350183
66.59566631691654
22.069078726530776
44.26889597527247
6.715149649214913
46.48015442131583
85.26427089881577
36.086584822562784
30.402856148892376
82.84753058734361
83.62302957694973
15.341398444227528
88.75251608211468
33.56999355424692
15.875943986351192
77.80897060342132
66.32602438196305
49.0252626994356
28.582911912231836
78.57336962193533
6.414376213569028
67.24798259012547
57.984643454396526
41.709333420222286
88.36326964265398
1.7600461583170413
